bat_id	pulse_id	distance_to_edge [cm]	flight_id (0:first, 1:last)
D	0	0	0
D	0	6	0
D	0	64	0
D	0	2	0
D	1	0	0
D	1	1	0
D	1	62	0
D	2	2	0
D	2	1	0
D	2	63	0
D	2	8	0
D	3	1	0
D	3	10	0
D	3	9	0
D	4	0	0
D	4	5	0
D	5	2	0
D	5	2	0
D	5	65	0
D	5	8	0
D	6	0	0
D	6	64	0
D	6	7	0
D	7	0	0
D	7	2	0
D	7	62	0
D	7	5	0
D	8	2	0
D	8	1	0
D	9	1	0
D	9	2	0
D	9	3	0
D	10	3	0
D	11	2	0
D	11	65	0
D	11	62	0
D	12	0	0
D	13	2	0
D	13	64	0
D	14	0	0
D	14	10	0
D	14	10	0
D	14	10	0
D	14	64	0
D	15	9	0
D	16	6	0
D	16	7	0
D	16	62	0
D	17	4	0
D	17	4	0
D	17	4	0
D	17	63	0
D	18	1	0
D	18	66	0
D	19	0	0
D	19	62	0
D	20	1	0
D	20	65	0
D	21	64	0
D	22	3	0
D	22	64	0
D	23	0	0
D	23	63	0
D	24	1	0
D	24	62	0
D	25	10	0
D	25	10	0
D	25	58	0
D	26	8	0
D	27	0	0
D	27	17	0
D	27	18	0
D	27	61	0
D	31	23	0
D	32	20	0
D	33	19	0
D	33	15	0
D	34	18	0
D	34	18	0
D	35	13	0
D	35	13	0
D	36	12	0
D	37	3	0
D	38	12	0
D	39	1	0
D	40	2	0
D	40	1	0
F	0	1	0
F	0	0	0
F	0	65	0
F	0	4	0
F	1	1	0
F	1	7	0
F	1	65	0
F	1	2	0
F	2	1	0
F	2	4	0
F	2	59	0
F	2	13	0
F	3	0	0
F	3	4	0
F	3	24	0
F	4	0	0
F	4	7	0
F	4	59	0
F	4	20	0
F	5	1	0
F	5	3	0
F	5	60	0
F	5	20	0
F	6	1	0
F	6	8	0
F	6	64	0
F	6	7	0
F	7	1	0
F	7	1	0
F	7	66	0
F	7	9	0
F	8	1	0
F	8	8	0
F	8	11	0
F	9	0	0
F	9	65	0
F	9	7	0
F	10	1	0
F	10	0	0
F	11	1	0
F	11	2	0
F	11	65	0
F	11	7	0
F	12	3	0
F	12	66	0
F	12	18	0
F	13	3	0
F	13	63	0
F	14	1	0
F	14	62	0
F	14	61	0
F	15	1	0
F	16	1	0
F	16	1	0
F	16	59	0
F	17	4	0
F	17	4	0
F	17	4	0
F	17	61	0
F	18	5	0
F	18	5	0
F	18	5	0
F	18	5	0
F	18	60	0
F	19	0	0
F	19	8	0
F	19	9	0
F	19	8	0
F	19	56	0
F	19	62	0
F	20	0	0
F	20	13	0
F	20	14	0
F	20	14	0
F	20	14	0
F	20	62	0
F	21	0	0
F	21	10	0
F	21	10	0
F	21	8	0
F	21	64	0
F	22	15	0
F	22	16	0
F	22	15	0
F	23	16	0
F	23	16	0
F	23	11	0
F	24	18	0
F	24	17	0
F	24	15	0
F	25	21	0
F	25	62	0
F	26	21	0
F	26	62	0
F	27	19	0
F	28	21	0
F	28	20	0
F	29	20	0
F	29	20	0
F	29	16	0
F	30	19	0
F	30	19	0
F	31	17	0
F	31	18	0
F	32	17	0
F	33	16	0
F	33	16	0
F	34	15	0
F	34	14	0
F	35	11	0
F	35	11	0
F	36	3	0
F	36	2	0
F	36	0	0
F	37	2	0
F	37	1	0
F	37	0	0
F	38	1	0
F	38	1	0
F	38	1	0
F	38	64	0
F	39	1	0
F	39	63	0
F	41	64	0
F	42	3	0
F	42	64	0
F	43	2	0
F	43	64	0
F	44	1	0
F	44	1	0
F	44	66	0
F	45	3	0
F	46	9	0
F	46	8	0
F	47	7	0
F	47	8	0
F	48	0	0
F	48	11	0
F	48	9	0
F	48	60	0
F	55	17	0
F	56	11	0
F	57	14	0
F	57	14	0
F	57	13	0
F	58	14	0
F	59	13	0
F	60	11	0
F	61	2	0
F	61	2	0
F	61	2	0
F	62	1	0
F	63	0	0
G	0	2	0
G	0	65	0
G	0	58	0
G	0	5	0
G	1	1	0
G	1	65	0
G	1	1	0
G	1	61	0
G	1	6	0
G	2	2	0
G	2	63	0
G	2	8	0
G	2	5	0
G	3	2	0
G	3	63	0
G	3	8	0
G	3	3	0
G	4	0	0
G	4	64	0
G	4	3	0
G	4	60	0
G	4	6	0
G	5	1	0
G	5	66	0
G	5	1	0
G	5	61	0
G	5	10	0
G	6	2	0
G	6	4	0
G	7	0	0
G	7	4	0
G	7	64	0
G	8	3	0
G	8	64	0
G	9	1	0
G	9	59	0
G	10	3	0
G	10	65	0
G	11	6	0
G	11	21	0
G	12	14	0
G	12	17	0
G	13	14	0
G	13	15	0
G	13	35	0
G	13	63	0
G	13	64	0
G	14	23	0
G	14	62	0
G	14	63	0
G	15	20	0
G	15	33	0
G	15	58	0
G	16	22	0
G	16	24	0
G	16	58	0
G	17	25	0
G	17	59	0
G	17	65	0
G	18	23	0
G	19	32	0
G	19	61	0
G	19	60	0
G	20	23	0
G	20	29	0
G	21	31	0
G	22	42	0
G	22	41	0
G	22	36	0
G	23	33	0
G	23	38	0
G	23	64	0
G	24	36	0
G	24	39	0
G	24	66	0
G	25	45	0
G	26	0	0
G	26	35	0
G	26	39	0
G	27	41	0
G	27	40	0
G	28	40	0
G	28	39	0
G	28	54	0
G	29	37	0
G	30	32	0
G	31	28	0
G	31	28	0
G	31	52	0
G	32	23	0
G	32	23	0
G	32	15	0
G	33	21	0
G	33	22	0
G	33	16	0
G	33	58	0
G	34	15	0
G	34	14	0
G	34	14	0
G	34	14	0
G	34	12	0
G	34	13	0
G	35	11	0
G	35	11	0
G	35	10	0
G	35	61	0
G	36	8	0
G	36	6	0
G	36	5	0
G	36	59	0
G	37	1	0
G	37	1	0
G	37	1	0
G	37	62	0
G	38	0	0
G	38	64	0
G	39	0	0
G	39	1	0
G	39	62	0
G	40	0	0
G	41	1	0
G	41	62	0
G	42	2	0
G	42	65	0
G	43	2	0
G	43	66	0
G	44	8	0
G	44	8	0
G	44	66	0
G	45	0	0
G	45	15	0
G	45	17	0
G	45	18	0
G	48	18	0
G	49	19	0
G	50	13	0
G	51	11	0
G	51	11	0
G	51	10	0
G	52	8	0
G	52	8	0
G	52	10	0
G	53	1	0
G	54	1	0
G	54	1	0
G	54	1	0
G	55	1	0
H	0	1	0
H	0	9	0
H	0	62	0
H	1	0	0
H	1	4	0
H	1	64	0
H	2	1	0
H	2	1	0
H	2	62	0
H	2	24	0
H	3	1	0
H	3	2	0
H	3	64	0
H	3	14	0
H	4	0	0
H	4	1	0
H	4	66	0
H	4	33	0
H	5	1	0
H	5	4	0
H	5	62	0
H	5	9	0
H	6	0	0
H	6	3	0
H	6	62	0
H	6	6	0
H	7	1	0
H	7	4	0
H	7	63	0
H	7	34	0
H	8	56	0
H	9	4	0
H	9	62	0
H	10	2	0
H	10	63	0
H	11	64	0
H	11	62	0
H	12	2	0
H	12	62	0
H	12	64	0
H	13	2	0
H	13	2	0
H	13	3	0
H	14	6	0
H	14	6	0
H	14	6	0
H	14	6	0
H	14	59	0
H	15	6	0
H	15	6	0
H	15	6	0
H	15	6	0
H	15	63	0
H	15	60	0
H	16	5	0
H	16	5	0
H	16	6	0
H	16	5	0
H	16	61	0
H	17	4	0
H	17	5	0
H	17	5	0
H	17	5	0
H	17	64	0
H	18	4	0
H	18	4	0
H	18	4	0
H	18	3	0
H	18	56	0
H	19	2	0
H	19	64	0
H	20	0	0
H	20	64	0
H	21	0	0
H	21	60	0
H	22	0	0
H	22	7	0
H	23	0	0
H	24	2	0
H	24	61	0
H	25	0	0
H	25	61	0
H	26	3	0
H	26	3	0
H	27	7	0
H	27	4	0
H	27	65	0
H	28	1	0
H	28	16	0
H	28	16	0
H	29	15	0
H	29	17	0
H	29	57	0
H	30	0	0
H	30	17	0
H	30	18	0
H	30	55	0
H	35	27	0
H	35	27	0
H	35	23	0
H	36	26	0
H	37	27	0
H	38	24	0
H	38	23	0
H	39	23	0
H	39	23	0
H	40	18	0
H	40	17	0
H	40	17	0
H	41	15	0
H	41	16	0
H	42	5	0
H	42	8	0
H	42	7	0
H	43	4	0
H	43	2	0
H	43	4	0
H	43	4	0
H	43	4	0
H	43	3	0
H	43	3	0
H	43	3	0
H	44	0	0
I	0	0	0
I	0	2	0
I	0	63	0
I	1	2	0
I	1	3	0
I	1	64	0
I	2	0	0
I	2	2	0
I	2	64	0
I	2	34	0
I	3	0	0
I	3	0	0
I	3	59	0
I	3	37	0
I	4	1	0
I	4	6	0
I	5	1	0
I	5	0	0
I	5	58	0
I	5	1	0
I	6	2	0
I	6	62	0
I	7	2	0
I	8	0	0
I	8	63	0
I	9	2	0
I	9	4	0
I	9	59	0
I	9	61	0
I	10	4	0
I	10	4	0
I	10	61	0
I	10	63	0
I	11	6	0
I	11	5	0
I	11	5	0
I	11	5	0
I	11	63	0
I	12	0	0
I	12	7	0
I	12	8	0
I	12	58	0
I	12	65	0
I	13	0	0
I	13	10	0
I	13	10	0
I	13	11	0
I	13	59	0
I	14	7	0
I	14	6	0
I	15	7	0
I	15	7	0
I	15	8	0
I	15	66	0
I	16	5	0
I	16	5	0
I	16	5	0
I	17	0	0
I	17	1	0
I	17	1	0
I	18	1	0
I	19	0	0
I	19	64	0
I	20	1	0
I	20	1	0
I	21	1	0
I	21	5	0
I	21	64	0
I	22	1	0
I	22	0	0
I	22	3	0
I	23	8	0
I	23	8	0
I	23	61	0
I	29	19	0
I	30	17	0
I	31	15	0
I	32	12	0
I	33	10	0
I	33	10	0
I	33	12	0
I	34	4	0
I	34	3	0
I	34	1	0
I	35	1	0
I	36	1	0
MF	0	1	0
MF	0	5	0
MF	0	26	0
MF	1	0	0
MF	1	5	0
MF	1	60	0
MF	1	9	0
MF	2	1	0
MF	2	3	0
MF	2	63	0
MF	3	1	0
MF	3	4	0
MF	3	9	0
MF	4	0	0
MF	4	3	0
MF	4	14	0
MF	5	3	0
MF	5	61	0
MF	5	7	0
MF	6	0	0
MF	6	64	0
MF	6	59	0
MF	7	2	0
MF	7	65	0
MF	7	57	0
MF	8	1	0
MF	8	64	0
MF	8	65	0
MF	9	1	0
MF	9	62	0
MF	10	2	0
MF	10	2	0
MF	11	7	0
MF	11	7	0
MF	11	7	0
MF	11	8	0
MF	11	57	0
MF	12	4	0
MF	12	11	0
MF	12	10	0
MF	12	11	0
MF	12	61	0
MF	13	3	0
MF	13	0	0
MF	13	4	0
MF	13	3	0
MF	13	3	0
MF	14	14	0
MF	15	4	0
MF	16	7	0
MF	16	6	0
MF	16	5	0
MF	16	64	0
MF	17	2	0
MF	18	5	0
MF	19	14	0
MF	19	66	0
MF	20	9	0
MF	21	4	0
MF	21	3	0
MF	21	4	0
MF	21	58	0
MF	22	1	0
MF	22	66	0
MF	23	1	0
MF	23	66	0
MF	24	65	0
MF	25	2	0
MF	25	65	0
MF	26	4	0
MF	26	65	0
MF	27	1	0
MF	28	9	0
MF	28	9	0
MF	28	8	0
MF	29	4	0
MF	29	65	0
MF	30	14	0
MF	31	15	0
MF	31	66	0
MF	32	20	0
MF	32	19	0
MF	32	56	0
MF	33	21	0
MF	34	21	0
MF	35	0	0
MF	35	19	0
MF	35	20	0
MF	35	54	0
MF	41	13	0
MF	41	13	0
MF	41	15	0
MF	42	8	0
MF	42	8	0
MF	42	8	0
MF	43	3	0
MF	43	3	0
MF	43	3	0
MF	44	1	0
MF	45	1	0
MF	46	0	0
MF	47	1	0
MF	53	1	0
MH	0	0	0
MH	0	2	0
MH	0	60	0
MH	1	2	0
MH	1	1	0
MH	1	64	0
MH	1	16	0
MH	2	2	0
MH	2	0	0
MH	2	63	0
MH	2	18	0
MH	3	2	0
MH	3	4	0
MH	3	63	0
MH	4	0	0
MH	4	0	0
MH	4	63	0
MH	4	31	0
MH	5	2	0
MH	5	65	0
MH	6	1	0
MH	6	61	0
MH	7	3	0
MH	7	3	0
MH	7	1	0
MH	7	56	0
MH	8	6	0
MH	8	7	0
MH	8	4	0
MH	8	49	0
MH	9	11	0
MH	9	13	0
MH	9	53	0
MH	10	18	0
MH	10	18	0
MH	10	61	0
MH	10	54	0
MH	11	12	0
MH	11	10	0
MH	11	62	0
MH	11	54	0
MH	12	11	0
MH	12	10	0
MH	12	11	0
MH	12	9	0
MH	12	64	0
MH	13	6	0
MH	13	5	0
MH	13	6	0
MH	13	64	0
MH	14	6	0
MH	14	6	0
MH	14	5	0
MH	14	64	0
MH	15	0	0
MH	16	1	0
MH	16	7	0
MH	17	1	0
MH	18	0	0
MH	18	63	0
MH	19	3	0
MH	19	57	0
MH	20	3	0
MH	20	54	0
MH	21	19	0
MH	21	18	0
MH	21	64	0
MH	22	19	0
MH	22	21	0
MH	22	17	0
MH	22	54	0
MH	23	21	0
MH	23	20	0
MH	23	59	0
MH	24	24	0
MH	24	23	0
MH	24	61	0
MH	25	21	0
MH	26	19	0
MH	27	16	0
MH	27	17	0
MH	27	14	0
MH	27	63	0
MH	30	25	0
MH	31	6	0
MH	31	6	0
MH	31	6	0
MH	32	0	0
MH	33	0	0
MH	34	0	0
MH	35	1	0
bat_id	pulse_id	distance_to_edge [cm]	flight_id (0:first, 1:last)
D	0	0	1
D	0	5	1
D	0	62	1
D	0	6	1
D	1	0	1
D	1	7	1
D	1	62	1
D	2	1	1
D	2	1	1
D	2	65	1
D	2	5	1
D	3	0	1
D	3	59	1
D	3	3	1
D	4	2	1
D	4	7	1
D	4	66	1
D	5	1	1
D	5	8	1
D	5	65	1
D	5	38	1
D	6	1	1
D	6	3	1
D	7	4	1
D	7	61	1
D	8	2	1
D	8	1	1
D	9	6	1
D	9	6	1
D	10	4	1
D	10	3	1
D	10	1	1
D	11	6	1
D	11	5	1
D	11	4	1
D	12	4	1
D	12	3	1
D	12	3	1
D	13	8	1
D	13	8	1
D	13	9	1
D	13	61	1
D	14	2	1
D	14	2	1
D	14	2	1
D	14	2	1
D	14	2	1
D	14	63	1
D	15	0	1
D	15	63	1
D	16	0	1
D	16	65	1
D	17	1	1
D	17	2	1
D	17	63	1
D	18	3	1
D	19	1	1
D	22	1	1
D	23	1	1
D	24	2	1
D	25	1	1
D	26	1	1
F	0	1	1
F	0	6	1
F	0	62	1
F	0	4	1
F	1	1	1
F	1	1	1
F	1	61	1
F	1	39	1
F	2	2	1
F	2	6	1
F	2	66	1
F	2	29	1
F	3	1	1
F	3	2	1
F	3	60	1
F	3	21	1
F	4	3	1
F	4	4	1
F	4	63	1
F	4	6	1
F	5	5	1
F	5	57	1
F	6	5	1
F	6	60	1
F	7	1	1
F	8	2	1
F	8	65	1
F	9	0	1
F	9	64	1
F	9	58	1
F	10	3	1
F	10	1	1
F	10	56	1
F	11	3	1
F	11	3	1
F	11	66	1
F	11	40	1
F	12	10	1
F	12	10	1
F	12	64	1
F	12	59	1
F	13	6	1
F	13	4	1
F	13	65	1
F	13	55	1
F	14	7	1
F	14	7	1
F	14	5	1
F	14	60	1
F	15	8	1
F	15	8	1
F	15	6	1
F	16	14	1
F	16	15	1
F	16	16	1
F	17	12	1
F	17	13	1
F	18	9	1
F	18	62	1
F	19	9	1
F	19	8	1
F	19	7	1
F	20	13	1
F	20	14	1
F	21	8	1
F	21	9	1
F	21	8	1
F	21	9	1
F	21	9	1
F	21	56	1
F	22	8	1
F	22	7	1
F	22	9	1
F	22	9	1
F	23	3	1
F	23	3	1
F	23	2	1
F	23	1	1
F	23	64	1
F	24	5	1
F	24	5	1
F	24	6	1
F	24	6	1
F	24	5	1
F	25	1	1
F	25	1	1
F	26	0	1
F	27	0	1
F	27	66	1
F	28	1	1
F	28	1	1
F	28	5	1
F	29	0	1
F	29	2	1
F	29	4	1
F	30	0	1
F	30	0	1
F	30	4	1
F	31	2	1
F	31	3	1
F	32	0	1
F	32	3	1
F	48	1	1
G	0	0	1
G	0	63	1
G	0	7	1
G	0	6	1
G	1	3	1
G	1	62	1
G	1	8	1
G	1	5	1
G	2	1	1
G	2	65	1
G	2	5	1
G	2	59	1
G	2	2	1
G	3	2	1
G	3	62	1
G	3	3	1
G	3	66	1
G	3	5	1
G	4	1	1
G	4	63	1
G	4	8	1
G	4	63	1
G	4	8	1
G	5	0	1
G	5	1	1
G	5	64	1
G	5	3	1
G	6	0	1
G	6	0	1
G	6	62	1
G	7	1	1
G	7	4	1
G	7	63	1
G	8	1	1
G	8	2	1
G	8	62	1
G	8	4	1
G	9	2	1
G	9	65	1
G	10	1	1
G	11	1	1
G	11	58	1
G	12	2	1
G	12	2	1
G	12	63	1
G	13	10	1
G	13	64	1
G	13	60	1
G	14	8	1
G	14	11	1
G	14	66	1
G	14	56	1
G	15	15	1
G	15	59	1
G	15	62	1
G	16	18	1
G	17	19	1
G	17	56	1
G	18	17	1
G	18	17	1
G	18	13	1
G	18	59	1
G	18	64	1
G	19	21	1
G	19	21	1
G	19	64	1
G	20	0	1
G	20	22	1
G	20	22	1
G	20	54	1
G	20	61	1
G	21	23	1
G	21	41	1
G	21	22	1
G	21	22	1
G	21	21	1
G	22	20	1
G	22	20	1
G	22	17	1
G	23	21	1
G	23	65	1
G	24	18	1
G	24	18	1
G	24	14	1
G	25	12	1
G	25	13	1
G	25	8	1
G	26	11	1
G	26	10	1
G	26	10	1
G	26	9	1
G	26	9	1
G	26	63	1
G	27	7	1
G	27	7	1
G	27	6	1
G	27	5	1
G	27	4	1
G	27	57	1
G	28	5	1
G	28	5	1
G	28	5	1
G	28	5	1
G	28	5	1
G	28	61	1
G	29	0	1
G	29	0	1
G	29	0	1
G	29	63	1
G	30	65	1
G	31	4	1
G	31	0	1
G	32	0	1
G	32	1	1
G	35	2	1
G	36	1	1
G	37	0	1
G	38	1	1
G	39	1	1
H	0	1	1
H	0	6	1
H	0	60	1
H	0	2	1
H	1	0	1
H	1	1	1
H	1	59	1
H	1	21	1
H	2	1	1
H	2	2	1
H	2	63	1
H	3	1	1
H	3	5	1
H	3	62	1
H	3	41	1
H	4	1	1
H	4	5	1
H	4	64	1
H	5	2	1
H	5	63	1
H	6	1	1
H	6	65	1
H	7	0	1
H	7	64	1
H	7	63	1
H	8	2	1
H	8	63	1
H	9	1	1
H	10	0	1
H	10	0	1
H	10	64	1
H	11	1	1
H	11	8	1
H	12	1	1
H	12	4	1
H	12	65	1
H	13	5	1
H	13	61	1
H	14	1	1
H	14	64	1
H	15	4	1
H	15	60	1
H	16	8	1
H	16	9	1
H	16	9	1
H	16	63	1
H	17	17	1
H	17	17	1
H	17	61	1
H	18	13	1
H	22	14	1
H	22	15	1
H	23	12	1
H	23	11	1
H	24	6	1
H	24	6	1
H	24	6	1
H	24	6	1
H	25	1	1
H	25	1	1
H	25	1	1
H	25	1	1
H	25	1	1
I	0	0	1
I	0	2	1
I	0	64	1
I	1	2	1
I	1	4	1
I	1	66	1
I	2	2	1
I	2	1	1
I	2	64	1
I	3	1	1
I	3	5	1
I	3	65	1
I	3	7	1
I	4	1	1
I	4	66	1
I	5	1	1
I	5	64	1
I	6	4	1
I	6	4	1
I	6	60	1
I	6	64	1
I	7	7	1
I	7	8	1
I	7	55	1
I	8	7	1
I	8	5	1
I	8	62	1
I	9	10	1
I	9	9	1
I	10	18	1
I	10	18	1
I	10	13	1
I	10	62	1
I	11	0	1
I	11	18	1
I	11	19	1
I	11	63	1
I	11	62	1
I	12	19	1
I	12	19	1
I	12	23	1
I	13	20	1
I	13	20	1
I	13	17	1
I	13	63	1
I	14	19	1
I	14	19	1
I	14	19	1
I	14	17	1
I	14	60	1
I	15	16	1
I	15	15	1
I	15	15	1
I	15	13	1
I	15	13	1
I	15	64	1
I	16	14	1
I	16	14	1
I	16	14	1
I	16	13	1
I	17	9	1
I	17	9	1
I	17	9	1
I	17	8	1
I	17	8	1
I	18	7	1
I	18	7	1
I	18	7	1
I	18	7	1
I	18	6	1
I	18	6	1
I	18	5	1
I	19	2	1
I	19	2	1
I	19	2	1
I	19	2	1
I	19	3	1
I	19	3	1
I	19	2	1
I	19	2	1
I	19	2	1
I	20	1	1
I	20	1	1
I	20	1	1
I	20	0	1
I	20	1	1
I	20	1	1
I	20	1	1
I	21	0	1
MF	0	1	1
MF	0	12	1
MF	1	1	1
MF	1	18	1
MF	1	14	1
MF	2	1	1
MF	2	23	1
MF	3	1	1
MF	3	1	1
MF	3	60	1
MF	4	1	1
MF	4	2	1
MF	4	2	1
MF	4	64	1
MF	5	1	1
MF	5	0	1
MF	5	60	1
MF	6	0	1
MF	6	2	1
MF	7	0	1
MF	7	0	1
MF	7	64	1
MF	8	0	1
MF	8	65	1
MF	9	2	1
MF	9	62	1
MF	10	5	1
MF	10	5	1
MF	10	4	1
MF	10	4	1
MF	10	5	1
MF	10	59	1
MF	11	6	1
MF	11	6	1
MF	11	6	1
MF	11	61	1
MF	12	6	1
MF	13	3	1
MF	13	3	1
MF	13	3	1
MF	13	65	1
MF	14	5	1
MF	14	4	1
MF	14	60	1
MF	15	4	1
MF	15	3	1
MF	15	2	1
MF	16	4	1
MF	16	3	1
MF	16	3	1
MF	16	62	1
MF	17	3	1
MF	17	3	1
MF	17	3	1
MF	17	63	1
MF	18	3	1
MF	18	3	1
MF	18	2	1
MF	18	2	1
MF	18	3	1
MF	19	5	1
MF	19	5	1
MF	19	5	1
MF	19	5	1
MF	19	5	1
MF	19	58	1
MF	20	2	1
MF	20	2	1
MF	20	2	1
MF	20	1	1
MF	20	1	1
MF	20	1	1
MF	21	0	1
MF	21	0	1
MF	21	0	1
MF	22	0	1
MF	23	1	1
MF	23	3	1
MF	23	65	1
MF	24	3	1
MF	25	2	1
MF	25	62	1
MF	26	1	1
MF	26	65	1
MF	27	8	1
MF	27	9	1
MF	27	62	1
MF	28	7	1
MF	28	7	1
MF	28	63	1
MF	29	14	1
MF	29	14	1
MF	29	63	1
MF	37	22	1
MF	37	22	1
MF	37	20	1
MF	38	22	1
MF	38	22	1
MF	38	20	1
MF	38	20	1
MF	39	16	1
MF	39	16	1
MF	40	13	1
MF	40	13	1
MF	41	5	1
MF	41	4	1
MF	41	5	1
MF	41	5	1
MF	41	5	1
MF	42	1	1
MF	43	2	1
MF	43	4	1
MF	46	0	1
MH	0	1	1
MH	0	1	1
MH	0	64	1
MH	0	9	1
MH	1	1	1
MH	1	1	1
MH	1	59	1
MH	2	0	1
MH	2	3	1
MH	2	60	1
MH	3	1	1
MH	3	2	1
MH	3	62	1
MH	3	10	1
MH	4	0	1
MH	4	1	1
MH	4	62	1
MH	4	5	1
MH	5	0	1
MH	5	64	1
MH	5	7	1
MH	6	2	1
MH	6	5	1
MH	6	61	1
MH	7	1	1
MH	7	6	1
MH	7	58	1
MH	8	1	1
MH	8	3	1
MH	8	62	1
MH	9	0	1
MH	9	65	1
MH	10	0	1
MH	10	64	1
MH	10	64	1
MH	11	2	1
MH	11	61	1
MH	12	1	1
MH	12	63	1
MH	13	0	1
MH	13	63	1
MH	14	1	1
MH	14	2	1
MH	15	1	1
MH	15	0	1
MH	15	66	1
MH	16	0	1
MH	16	8	1
MH	16	54	1
MH	17	2	1
MH	18	2	1
MH	19	0	1
MH	19	57	1
MH	20	10	1
MH	20	11	1
MH	20	63	1
MH	21	9	1
MH	21	9	1
MH	21	66	1
MH	22	0	1
MH	22	8	1
MH	22	8	1
MH	24	0	1
MH	25	0	1
MH	26	0	1
